30000
0.27522935779816515 0.1743119266055046 0.7
0.26605504587155965 0.1743119266055046 0.72
0.22935779816513763 0.1743119266055046 0.74
0.1834862385321101 0.1743119266055046 0.76
0.1559633027522936 0.1743119266055046 0.78
0.13761467889908258 0.1743119266055046 0.8
0.12844036697247707 0.1926605504587156 0.82
0.11926605504587157 0.1926605504587156 0.84
0.09174311926605505 0.2018348623853211 0.86
0.09174311926605505 0.21100917431192662 0.88
0.06422018348623854 0.21100917431192662 0.9
0.05504587155963303 0.21100917431192662 0.92
