30000
0.14678899082568808 0.06422018348623854 0.7
0.14678899082568808 0.07339449541284404 0.72
0.11926605504587157 0.07339449541284404 0.74
0.11009174311926606 0.08256880733944955 0.76
0.10091743119266056 0.10091743119266056 0.78
0.09174311926605505 0.11009174311926606 0.8
0.05504587155963303 0.11009174311926606 0.82
0.045871559633027525 0.11009174311926606 0.84
0.045871559633027525 0.11009174311926606 0.86
0.045871559633027525 0.11009174311926606 0.88
0.027522935779816515 0.11009174311926606 0.9
0.01834862385321101 0.11009174311926606 0.92
