42000
0.3211009174311927 0.1559633027522936 0.7
0.29357798165137616 0.1651376146788991 0.72
0.26605504587155965 0.1651376146788991 0.74
0.25688073394495414 0.1834862385321101 0.76
0.24770642201834864 0.1834862385321101 0.78
0.24770642201834864 0.1834862385321101 0.8
0.2018348623853211 0.1926605504587156 0.82
0.1559633027522936 0.1926605504587156 0.84
0.12844036697247707 0.22018348623853212 0.86
0.10091743119266056 0.22935779816513763 0.88
0.08256880733944955 0.22935779816513763 0.9
0.05504587155963303 0.24770642201834864 0.92
